101538161
102606968
103626439
104666747
105731955
107820664
108856951
108857458
108873842
108890228
109906135
109906151
109909617
109910199
109914231
109914247
109918343
109942343
113059706
113064051
114104247
114172212
115180923
116221819
117298802
153013632
154018960
154026336
154030341
154048176
156154848
158222704
158228744
159258768
159278752
169506416
169506432
169506496
172631822
175798279
184165902
204866568
252689568
252689648
253452896
253453104
253453312
253466816
253467008
253467088
253467152
253467632
253469168
253469376
253469408
253469440
253469456
253469632
253469680
253472416
253472496
253489632
253489712
253494880
253495072
253502736
253602512
253602592
253602896
253609104
253621104
253725760
253760512
253767616
253767744
253790560
253858096
253955024
253990672
254006688
254024544
254042544
254043104
254062592
254094384
254110496
254110928
254180928
254630112
254644544
254652368
254667088
254667104
254686448
254694048
254694064
254694160
254694176
254700848
254700864
254700976
254701920
254702432
254702560
254702576
254709632
254718048
254718496
254732592
254732608
254733168
254734512
254748832
254749328
254765760
254782384
254782512
254784384
254798736
254798864
254800784
254800864
254800976
254817712
254833216
254834976
254835088
254852768
254882144
254899840
254899936
254917696
254927792
254935680
254954896
254972960
255076064
255111792
255125920
255143216
255146160
255163312
255317024
255358192
255358208
255364688
255364768
255364784
255364976
255364992
255376288
255376352
255376368
255376544
255376576
255376768
255376784
255376848
255376864
255377056
255377072
255377104
255377312
255377616
255377632
255377840
255378032
255378048
255402768
255402976
255403088
255403312
255403328
255403408
255403616
255403632
255403984
255404048
255404064
255405552
255405840
255405920
255406064
255415952
255418288
255418368
255418512
255419424
255419520
255419648
255420080
255420528
255420544
255420720
255420736
255421920
255421936
255422032
255422048
255422064
255422128
255422240
255422416
255422432
255422496
255422640
255422720
255423184
255423200
255425632
255425904
255425920
255426208
255458256
255458832
255458864
255481456
255481952
255482144
255493840
255493920
255494144
255521248
255521552
255521760
255521856
255522064
255522288
255592928
255592976
255606224
255607200
255607312
255607328
255621296
255621968
255636016
255636032
255636160
260068103
261096198
261100295
261116678
262177544
263205130
264270112
264279008
273466489
273669881
273705161
273789321
273847305
282505481
282530713
282530905
282533785
282578633
282623161
282632857
282660697
282716649
282718857
282755049
282783065
282805193
282807929
282824057
282939145
282945561
282982505
282991721
283029721
283141417
510097683
510170899
510187283
510358675
510359699
510370963
510413523
510501299
510502083
510799571
510804883
510806323
510820947
510855763
510908547
510952067
510952403
510979795
510980307
510987171
510987875
510988179
510989331
511007011
511022899
511023651
511028035
511044579
511072947
511078883
511157939
511175219
511193379
511215347
550896441
550897113
550907065
550907305
550915577
550916713
550916793
550924921
550925001
550938585
550962953
550963193
551002361
551002601
551013545
551013753
551016073
551016281
551026169
551026377
551028729
551028809
551037833
551040601
551051801
551054841
551054953
551066297
551081017
551099097
551110249
551113625
551113849
551124937
551128857
551142169
551142409
551153865
551155033
551155257
551156201
551156425
551157545
551157625
551167977
551168217
551169337
551182361
551183337
551183577
551197481
551300345
551300457
551309337
551309449
551313369
551313481
551323481
551353897
551354009
551354393
551354537
551364137
551364249
551364665
551364745
551367129
551367209
551377721
551377929
551379785
551390569
551412713
554078681
554097449
554105081
554130553
554130633
554130697
554130761
554140665
554140681
554140857
554140873
554149481
554150073
554150153
554157529
554188217
554194457
554206905
554225353
554235673
554239033
554261465
554264249
554264297
554273849
554277449
554277497
554288057
554288905
554291065
554291561
554291817
554291865
554302473
554302665
554302729
554305753
554306681
554317097
554318089
554332473
554350793
554350953
554351209
554361977
554362185
554365673
554366089
554390297
554406921
554418681
554418697
554421897
554433705
554452265
554463001
554463177
554467177
554467353
554476121
554477833
554478041
554481961
554481977
554482153
554490873
554492681
554492697
554496585
554496601
554496777
554507193
554507209
554507385
554507401
554511033
554511049
554532681
554546441
554560329
554564089
554574089
554574345
554587529
554587577
554587833
554590937
554591193
554591209
554600649
554600665
554604121
554604265
554616697
554635817
554661961
554667001
554668425
554668601
554670905
554671081
554680921
554681065
554682473
554686953
554688569
554690233
554697497
554698873
554698889
554705897
554720521
554720537
554722361
554727545
554786985
554787097
554811113
554819657
554863801
554874809
554896409
554897737
554897881
554908665
554908681
554909737
554922489
554926585
554931001
554931177
554940777
554943161
554944121
554944201
554945673
554956841
554956921
554958185
554958825
554971529
554971593
554972345
554972697
554972825
554973465
554973577
554986217
554986297
554986937
554987033
554987049
554987465
554987577
554988249
554988329
555001161
555001913
555002345
555002361
555002473
555002489
555003097
555003209
555004729
555015993
555016745
555016857
555017369
555017433
555017481
555018153
555018281
555030841
555030889
555031449
555031497
555031513
555031561
555041849
555043689
555043737
555043753
555043801
555044281
555044329
555044345
555044393
555055577
555055593
555057865
555058473
555060777
555070617
555072873
555072889
555073529
555075801
555075817
555085513
555085529
555087753
555090569
555090585
555100265
555100281
555105385
555105401
555115193
555120265
555120313
555129993
555135017
555162281
555171449
555255449
555288105
555288329
555297849
555346441
555346505
990000001
1812030256
1812048480
1813225120
1814760160
1814776896
1814793392
1814809296
1814810160
1814827392
1814843568
1814861888
1815282848
1815297296
1815297504
1815312560
1815312640
1815312688
1815559392
1815563920
1815563984
1815844848
1815861984
1815862112
1815876880
1815894496
1816189296
1816190864
1816205952
1816223808
1816223936
1816237840
1816362592
1816362720
1816362752
1816362784
1816362800
1816362960
1816363008
1816884720
1816885808
1816951504
1816951712
1816953024
1816953232
1816953312
1816953552
1816953744
1817010704
1817094656
1817110800
1817110928
1817111008
1817111136
1817127888
1817128688
1817138272
1817138288
1817138336
1817138480
1817138544
1817138560
1817149280
1817149344
1817149360
1817149600
1817149648
1817155984
1817156016
1817157968
1817157984
1817158016
1817158048
1817158192
1817177936
1817178576
1817194736
1817209280
1817223344
1817237856
1820267920
1820297664
1820304944
2475912229
2475918933
2475931717
2476054677
2476332069
2564735994
2564843178
2564843274
2564844410
2564849882
2564850458
2564852698
2564894794
2564902410
2564904154
2564946330
2564952170
2564952202
2564954490
2564996890
2564998458
2564999834
2565002890
2565006138
2565049034
2565049898
2565058394
2565108410
2565220106
2565253306
2565256026
2565259258
2565262154
2565262234
2565300170
2565304458
2565334250
2565335322
2565361066
2565361146
2565362826
2565365546
2565380954
2565381338
2565383850
2565384794
2565385418
2565393514
2565394986
2565403418
2565405018
2565407354
2565411338
2565413258
2565413626
2565416714
2565417626
2565421674
2565432778
2565440474
2565441178
2565445818
2565447050
2565448826
2565448906
2565449530
2565454762
2565456122
2565457674
2565463194
2565465146
2565468922
2565469482
2565471482
2565478026
2565478906
2565479834
2565484474
2565484746
2565486922
2565490122
2565490906
2565492922
2565495178
2565496874
2565505594
2565505882
2565513626
2565514010
2565515114
2565516426
2565516522
2565518090
2565525098
2565529114
2565531674
2565533002
2565540698
2565541498
2565545898
2565546474
2565546506
2565549722
2565557978
2565559402
2565561194
2565563658
2565564250
2565565578
2565566170
2565568890
2565569434
2565577834
2565580266
2565582202
2565583802
2565587338
2565589466
2565594010
2565598634
2565604314
2565604346
2565604666
2565606842
2565612394
2565620042
2565620282
2565620954
2565624650
2565625322
2565628138
2565629610
2565636266
2565642730
2565643066
2565644010
2565644042
2565645338
2565648250
2565648858
2565657194
2565662682
2565666090
2565666762
2565671034
2565671850
2565673866
2565675018
2565676970
2565677226
2565682826
2565684058
2565688186
2565688906
2565690218
2565691626
2565692586
2565692874
2565694714
2565695930
2565696122
2565699594
2565703018
2565706826
2565707658
2565715754
2565721018
2565723066
2565739498
2565745594
2565745946
2565747626
2565748874
2565749546
2565751514
2565751786
2565751962
2565752202
2565752362
2565754906
2565761562
2565773130
2565773162
2565773194
2565773370
2565773514
2565773706
2565775818
2565781914
2565798186
2565799194
2565799770
2565803642
2565804074
2565804282
2565805082
2565807562
2565808666
2565810410
2565810762
2565812778
2565814138
2565816922
2565823082
2565823578
2565824666
2565827242
2565832218
2565844394
2565850954
2565854394
2565856506
2565856538
2565857338
2565871898
2565873994
2565875114
2565875802
2565882906
2565888394
2565895034
2565902314
2565902474
2565904250
2565910122
2565911706
2565917802
2565919226
2565919274
2565923882
2565928074
2565928570
2565928810
2565934106
2565934346
2565945866
2565946346
2565947210
2565947658
2565948122
2565948218
2565953290
2565961770
2565969306
2565972890
2565981434
2565983402
2565984730
2565992762
2565993098
2565998282
2565998394
2566005146
2566006314
2566023882
2566025114
2566025322
2566026058
2856057088
2858387184
2858387472
2858390400
2858418928
2858420256
2858420304
2858425952
2858485616
2858485632
2858485696
2858668880
2858668960
2858715712
2859365456
2859365760
2859376512
2859376816
2859377120
2859377136
2859378640
2859442912
2859450064
2859450112
2859450352
2859450400
2859450528
2859450800
2859458848
2859459072
2859631728
2859631792
2859632000
2859632016
2859667424
2859701056
2859701136
2859718992
2859786752
2859896816
2859896960
2859897040
2859921232
2859963664
2860030944
2860083872
2860086208
2860086224
2860090176
2860399664
2860402160
2860412624
2860427568
2860429120
2860510112
2860510400
2860513616
2860513696
2860933776
2860933792
2860934080
2860934096
2861003584
2861003600
2861004240
2861004544
2861032992
2861033056
2861033072
2861126448
2861256320
2861361152
3144274080
3144275933
3144275942
3144275961
3144275970
3144275979
3144276306
3144276315
3144276324
3144276352
3144276361
3144276779
3144276797
3144276816
3144276970
3144277015
3144277025
3144277034
3144277052
3144277149
3144277262
3144277302
3144277339
3144277348
3144277357
3144277366
3144277376
3144277385
3144277393
3144277920
3144277921
3144277930
3144277947
3144277956
3144277965
3144277984
3144278021
3144278030
3144278032
3144278039
3144278058
3144278067
3144278103
3144278113
3144278131
3144278307
3144278323
3144278325
3144278332
3144278341
3144279497
3144279520
3144280021
3144280103
3144280153
3144280162
3144280171
3144280180
3144280189
3144280195
3144280198
3144280208
3144280222
3144280226
3144280256
3144280708
3144280717
3144280726
3144280781
3144280784
3144280790
3144280793
3144280802
3144280811
3144280820
3144280829
3144280838
3144280857
3144280866
3144280994
3144282462
3144282471
3144283123
3144283146
3144283155
3144283443
3144283461
3144283508
3144283517
3144283536
3144283563
3144283572
3144283581
3144283600
3144283866
3144284005
3144284058
3144284067
3144284076
3144284085
3144284346
3144284355
3144284525
3144284534
3144284626
3144284631
3144284636
3144284641
3144284679
3144284707
3144284725
3144284734
3144284743
3144284762
3144284771
3144284787
3144286000
3144286480
3144286967
3144286977
3144286986
3144286995
3144287004
3144287013
3144287456
3144287474
3144287475
3144287484
3144287511
3144287530
3144287539
3144288118
3144288586
3144288595
3144288604
3144288622
3144288631
3144288650
3144288659
3144288756
3144288774
3144288784
3144288802
3144288892
3317209606
3321717030
3321984934
3327018294
3327737814
3327889126
3596321143
3596334215
3596334791
3596348839
3596356775
3596372775
3596422343
3596439303
3596466183
3596491255
3596491671
3596499031
3596508359
3596522871
3596539383
3596539495
3596600567
3596621095
3596628215
3596681479
3596714439
3596715959
3596728967
3596729991
3596730087
3596745911
3596747607
3596747719
3596748615
3596756087
3596762807
3596780855
3596780935
3596781095
3596789351
3596790263
3596807399
3596840423
3596848007
3596848023
3596850071
3596857607
3596864663
3596882791
3596882935
3596896327
3596910231
3596956151
3596970039
3596985079
3596985591
3596985815
3596985895
3597012455
3597025191
3597042231
3597042263
3597042295
3597042471
3597046711
3597046967
3597046983
3597046999
3597047015
3597047063
3597047079
3597047255
3597047335
3597088839
3597088967
3597089319
3597089415
3597089447
3597089479
3597089623
3597089655
3597089687
3597089703
3597103111
3597118247
3597118327
3597142343
3597142839
3597144039
3597144263
3597144327
3597144343
3597144519
3597144567
3597144599
3597144631
3597144759
3597144791
3597144807
3597180487
3597181463
3597181575
3597214151
3597215703
3597228663
3597235783
3597242807
3597249991
3597270967
3597278375
3597285639
3597360551
3597377079
3597391751
3597391847
3597393175
3597409975
3597410215
3597426855
3597426999
3597443559
3597575159
3597592487
3597592679
3597610135
3597610247
3597757511
3597789111
3597806119
3597848727
3597939975
3597939991
3597940007
3597940055
3597940263
3597940279
3597940311
3597940503
3597940519
3597940711
3597940727
3597941255
3597941527
3597941543
3598093431
3598093703
3598093735
3598093799
3598173271
3598173751
3598173943
3598174023
3598207767
3598217351
3598217559
3598217623
3598217831
3598222183
3598279623
3598284759
3598286135
3598286151
3598300775
3598309111
3598316807
3598317175
3598333431
3598334679
3598334999
3598341895
3598342983
3598383559
3598426631
3598443063
3598451127
3598453415
3598466407
3598483591
3598483671
3598486599
3598520951
3598520967
3598522503
3598531031
3598555591
3598556583
3598556775
3598556823
3598556839
3598573383
3598573687
3598574487
3598574743
3598574823
3598576039
3598593591
3598610407
3598610519
3598611863
3598612007
3598623959
3598624167
3598625959
3598625975
3598626599
3598626663
3598626855
3598627223
3598628359
3598629831
3598643607
3598643767
3598643815
3598643831
3598644807
3598645783
3598646215
3598646423
3598658967
3598661623
3598662055
3598675335
3598675527
3598675543
3598675591
3598678215
3598678295
3598679287
3598679351
3598692567
3598693319
3598694935
3598695415
3598695623
3598698119
3598698567
3598698647
3598727063
3598727351
3598730071
3598747047
3598761671
3598764055
3598764199
3598778615
3598780983
3598797463
3598811559
3598811575
3598813703
3598827879
3598827991
3598842167
3598843367
3598843639
3598849207
3598855671
3598864343
3599017527
3599017655
3599031047
3599031127
3599031383
3599031591
3599094951
3599094967
3599095111
3599097063
3599149943
3599150183
3599150775
3599179495
3599179703
3599179799
3599180759
3599180807
3599180823
3599184087
3599186855
3599186871
3599186903
3599186919
3599187127
3599187191
3599187223
3599187287
3599187303
3599189335
3599189527
3599189655
3599189799
3599189847
3599189911
3599190023
3599190103
3599190119
3599190199
3599190215
3599190231
3599190439
3599190487
3599190551
3599190567
3599196263
3599196279
3599196327
3599196487
3599196999
3599201111
3599205047
3599205287
3599205303
3599205367
3599205623
3599205639
3599205831
3599205863
3599206407
3599206423
3599211527
3599211735
3599211767
3599211783
3599211831
3599212071
3599236983
3599237335
3599237351
3599237511
3599237527
3599237559
3599237575
3599237751
3599237767
3599237783
3599238023
3599238055
3599238071
3599296263
3599296407
3599362487
3599382375
3599400103
3599446791
3599501671
3599537175
3599572663
3599590855
3599610103
3599626039
3599631767
3599648471
3599656391
3599677127
3599677415
3599677767
3599677783
3599677815
3599677831
3599678039
3599678055
3599678087
3599678295
3599678599
3599683975
3599735351
3599739975
3599740519
3599766263
3599766791
3599766871
3599767271
3599767351
3599810103
3599823239
3599824007
3599874647
3599965703
3599965991
3599966263
3600170423
3600171079
3600171127
3600171383
3600171431
3601208471
3601208679
3601302295
3601394279
3601760615
3601890583
3601890887
3602091351
3602361639
3602361719
3602372199
3602735031
3602735559
3602736615
3602736631
3602736759
3602736791
3602736871
3602736935
3602942759
3602942935
3602943015
3602943799
3603225943
3603226007
3603226199
3603226215
3603227271
3604418135
3604418327
3604418343
3604418391
3604418407
3604424055
3604424247
3604432551
3604432567
3604432631
3604433079
3604433095
3604433111
3604433143
3604436583
3604436599
3604436663
3604436807
3604952887
3605493575
3605573031
3605573063
3605573207
3605573271
3605573319
3605661975
3605662567
3606527255
3606527287
3606527447
3606527471
3606527975
3606528247
3606528999
3606529159
3606537895
3606537927
3606537975
3606538007
3606538215
3606551975
3606551991
3606552183
3606552199
3606552263
3606552391
3606553207
3606553415
3606553495
3606712263
3606712279
3606712471
3606712487
3606712519
3844677479
3844852839
3844870887
3846206823
3846207031
3846598311
3846598535
3846598727
3846696215
3846696439
3846890807
3847014439
3847021047
3847021303
3847021335
3847230855
3847235559
3847235575
3859884948
3859898516
3859898676
3859926500
3859941172
3860000292
3860073876
3860074196
3860090948
3860091076
3860091556
3860108836
3860125716
3860142260
3860158996
3860167604
3860201060
3860368916
3860374500
3860421348
3860427124
3860437972
3860444548
3860455108
3860466452
3860511364
3860527748
3860537748
3860546020
3860560228
3860566500
3860571300
3860595252
3909209472
3909231616
3909231760
3909239136
3909260976
3909351728
3909368720
3909401568
3909503344
3909503520
3909538416
3909556368
3909576352
3909846160
3909899840
3909914752
3909914800
3909942112
3909956816
3910031744
3910031952
3910033984
3910034176
3910260880
3910292736
3910309344
3910325632
3910342560
3910342880
3910359008
3910359072
3910359280
3910359840
3910393216
3910426944
3910427232
3910442448
3910442816
3910550800
3910551104
3910552256
3910552336
3910552544
3910552768
3910567424
3910572400
3910579280
3910579296
3910584336
3910584416
3910584512
3910585568
3910603648
3910651792
3910670224
3910704448
3910738800
3910773792
3910816864
3910816944
3910836704
3910924304
3910934800
3910934816
3910934880
3910935024
3910935088
3910958416
3910958624
3932898053
3932911813
3932913957
3932914101
3932914437
3932920437
3932920453
3932922773
3932922949
3933277397
3933283077
3933283253
3933290933
3933297125
3933297301
3933304661
3933304709
3933310725
3933317237
3933317285
3933322837
3933329493
3933329541
3933335237
3933335941
3933335989
3933343381
3933348357
3933348533
3933349541
3933356981
3933361893
3933362101
3933371381
3933371557
3933384533
3933384581
3933388421
3933432645
3933442037
3933444885
3933444949
3933452757
3933452805
3933455493
3933462949
3933523525
3933523653
4117171131
4117190011
4117193963
4117216475
4117217483
4117218411
4117230299
4117231899
4117261019
4117264539
4117272251
4117273291
4117275003
4117275691
4117304267
4117308651
4117315435
4117317819
4117318763
4117321387
4117322171
4117356923
4117357739
4117359467
4117360155
4117407003
4117419147
4117423915
4117431227
4117447931
4117465931
4117471883
4117516923
4117518107
4117519259
4117523915
4117525467
4117532827
4117540027
4117582907
4117589627
4117589883
4117634507
4117640859
4117641195
4117642859
4117644763
4117679243
4117688363
4117689579
4117689883
4117690027
4117691723
4117720651
4117723291
4117723451
4117726251
4117726507
4117731067
4117737739
4117761595
4117763643
4117767275
4117774859
4117792331
4117800459
4117800571
4117806011
4117810123
4117817771
4121929307
4121954699
4121960651
4122002299
4122061531
4122080619
4122102315
4122153771
4122401227
4122407387
4122432603
4122449275
4122569435
4122587771
4122589355
4122651691
4122706251
4122750219
4122774315
4122798859
4122830667
4122905307
4122911019
4122926955
4122937643
4122963275
4122995899
4123007803
4123010155
4123011627
4123015499
4123050667
4123055659
4123058075
4123111147
4123123755
4123124299
4123131979
4123135835
4123162651
4123194587
4123206987
4252970021
4253062085
4253068085
4253121957
4253137461
4253138869
4253147861
4253162869
4253163333
4253164389
4253175301
4253230629
4253290421
4253353189
4253355141
4253401653
4253446309
4253459221
4253468725
4253519301
4253666341
4253684549
4253739781
4253936405
4253977285
4254104949
36138613062716420
36138613062716932
36138613062781444
36138613062786052
36138613062787844
36138613062788100
36138613062789636
36138613062789892
36138613062837252
36138613062841860
36138613062858244
36138613062858500
36138613062858756
36138613062859012
36138613062859524
36138613062860292
36138613062896644
36138613062900228
36138613063845124
36138613198053124
36138613198323204
36138613198323460
36138613198323716
36138613198370820
36138613198371076
36138613198371332
36138613198382084
36138613198382340
36138613198637572
36138613198640132
36138613198833668
36138613198834180
36138613199029764
36138613327745540
36138613327810564
36138613329188612
36138613461115396
36138613461169156
36138613461169412
36138613461169924
36138613461170180
36138613461170436
36138613461170692
36138613461174788
36138613461176324
36138613461176836
36138613461177348
36138613461236996
36138613461237252
36138613461237508
36138613461238020
36138613461238276
36138613461238532
36138613461239044
36138613461239300
36138613461239556
36138613461240068
36138613461240324
36138613461427460
36138613461442820
36138613461949700
36138613462167300
36138613462167556
36138613462167812
36138613462168068
36138613462172932
36138613462234628
36138613462283780
36138613462297604
36138613462297860
36138613462298116
36138613462298372
36138613462298628
36138613462299140
36138613462475780
36138613462476036
36138613462476292
36138613462476548
36138613462476804
36138613462477060
36138613462477316
36138613462604036
36138613462604292
36138613462615556
36138613462624260
36138613462803972
36138613462806020
36138613462950660
36138613463943684
36138613463944196
36138613463944452
36138613463945220
36138613464381444
36138613464383492
36138613464466948
36138613464467204
36138613464467460
36138613464467716
36138613464467972
36138613464468228
36138613464468484
36138613464468996
36138613464469252
36138613464469508
36138613464469764
